/*
 * product   : NewsGate - news search WEB server
 * copyright : Copyright (c) 2005-2016 Karen Arutyunov
 * licenses  : CC BY-NC-SA 3.0; see accompanying LICENSE file
 *             Commercial; contact karen.arutyunov@gmail.com
 */

/**
 * @file NewsGate/Server/Commons/Event/Event.cpp
 * @author Karen Arutyunov
 * $Id:$
 */

#include "Event.hpp"

namespace NewsGate
{
  namespace Event
  {
    const double EventObject::pw_array_[EventObject::pw_array_len_] =
    {
      0, 1, 2.14355, 3.34837, 4.59479, 5.87309, 7.17739, 8.5037, 
      9.84916, 11.2116, 12.5893, 13.9808, 15.3851, 16.8011, 18.2281, 19.6653, 
      21.1121, 22.568, 24.0325, 25.5052, 26.9857, 28.4735, 29.9685, 31.4703, 
      32.9786, 34.4932, 36.0139, 37.5405, 39.0727, 40.6104, 42.1535, 43.7017, 
      45.2548, 46.8129, 48.3756, 49.943, 51.5149, 53.0911, 54.6716, 56.2563, 
      57.845, 59.4377, 61.0343, 62.6347, 64.2389, 65.8467, 67.458, 69.0729, 
      70.6912, 72.3129, 73.9379, 75.5661, 77.1976, 78.8322, 80.4698, 82.1105, 
      83.7542, 85.4009, 87.0504, 88.7028, 90.358, 92.0159, 93.6765, 95.3399, 
      97.0059, 98.6744, 100.346, 102.019, 103.695, 105.374, 107.055, 108.739, 
      110.425, 112.113, 113.803, 115.496, 117.191, 118.888, 120.588, 122.29, 
      123.994, 125.699, 127.408, 129.118, 130.83, 132.544, 134.261, 135.979, 
      137.699, 139.421, 141.145, 142.871, 144.599, 146.329, 148.061, 149.795, 
      151.53, 153.267, 155.006, 156.747
    };

    const double EventObject::pw2_array_[EventObject::pw2_array_len_] =
    {
      0, 1, 4, 9, 16, 25, 36, 49, 
      64, 81, 100, 121, 144, 169, 196, 225, 
      256, 289, 324, 361, 400, 441, 484, 529, 
      576, 625, 676, 729, 784, 841, 900, 961, 
      1024, 1089, 1156, 1225, 1296, 1369, 1444, 1521, 
      1600, 1681, 1764, 1849, 1936, 2025, 2116, 2209, 
      2304, 2401, 2500, 2601, 2704, 2809, 2916, 3025, 
      3136, 3249, 3364, 3481, 3600, 3721, 3844, 3969, 
      4096, 4225, 4356, 4489, 4624, 4761, 4900, 5041, 
      5184, 5329, 5476, 5625, 5776, 5929, 6084, 6241, 
      6400, 6561, 6724, 6889, 7056, 7225, 7396, 7569, 
      7744, 7921, 8100, 8281, 8464, 8649, 8836, 9025, 
      9216, 9409, 9604, 9801
    };

    const double EventObject::pw3_array_[EventObject::pw3_array_len_] =
    {
      0, 1, 8, 27, 64, 125, 216, 343, 
      512, 729, 1000, 1331, 1728, 2197, 2744, 3375, 
      4096, 4913, 5832, 6859, 8000, 9261, 10648, 12167, 
      13824, 15625, 17576, 19683, 21952, 24389, 27000, 29791, 
      32768, 35937, 39304, 42875, 46656, 50653, 54872, 59319, 
      64000, 68921, 74088, 79507, 85184, 91125, 97336, 103823, 
      110592, 117649, 125000, 132651, 140608, 148877, 157464, 166375, 
      175616, 185193, 195112, 205379, 216000, 226981, 238328, 250047, 
      262144, 274625, 287496, 300763, 314432, 328509, 343000, 357911, 
      373248, 389017, 405224, 421875, 438976, 456533, 474552, 493039, 
      512000, 531441, 551368, 571787, 592704, 614125, 636056, 658503, 
      681472, 704969, 729000, 753571, 778688, 804357, 830584, 857375, 
      884736, 912673, 941192, 970299
    };

    const double EventObject::pw_mult_array_[EventObject::pw_array_len_]
      [EventObject::pw_array_len_] =
    {
      {
        0, 0, 0, 0, 0, 0, 0, 
        0, 0, 0, 0, 0, 0, 0, 
        0, 0, 0, 0, 0, 0, 0, 
        0, 0, 0, 0, 0, 0, 0, 
        0, 0, 0, 0, 0, 0, 0, 
        0, 0, 0, 0, 0, 0, 0, 
        0, 0, 0, 0, 0, 0, 0, 
        0, 0, 0, 0, 0, 0, 0, 
        0, 0, 0, 0, 0, 0, 0, 
        0, 0, 0, 0, 0, 0, 0, 
        0, 0, 0, 0, 0, 0, 0, 
        0, 0, 0, 0, 0, 0, 0, 
        0, 0, 0, 0, 0, 0, 0, 
        0, 0, 0, 0, 0, 0, 0, 
        0, 0
      },
      {
        0, 1, 2.14355, 3.34837, 4.59479, 5.87309, 7.17739, 
        8.5037, 9.84916, 11.2116, 12.5893, 13.9808, 15.3851, 16.8011, 
        18.2281, 19.6653, 21.1121, 22.568, 24.0325, 25.5052, 26.9857, 
        28.4735, 29.9685, 31.4703, 32.9786, 34.4932, 36.0139, 37.5405, 
        39.0727, 40.6104, 42.1535, 43.7017, 45.2548, 46.8129, 48.3756, 
        49.943, 51.5149, 53.0911, 54.6716, 56.2563, 57.845, 59.4377, 
        61.0343, 62.6347, 64.2389, 65.8467, 67.458, 69.0729, 70.6912, 
        72.3129, 73.9379, 75.5661, 77.1976, 78.8322, 80.4698, 82.1105, 
        83.7542, 85.4009, 87.0504, 88.7028, 90.358, 92.0159, 93.6765, 
        95.3399, 97.0059, 98.6744, 100.346, 102.019, 103.695, 105.374, 
        107.055, 108.739, 110.425, 112.113, 113.803, 115.496, 117.191, 
        118.888, 120.588, 122.29, 123.994, 125.699, 127.408, 129.118, 
        130.83, 132.544, 134.261, 135.979, 137.699, 139.421, 141.145, 
        142.871, 144.599, 146.329, 148.061, 149.795, 151.53, 153.267, 
        155.006, 156.747
      },
      {
        0, 2.14355, 4.59479, 7.17739, 9.84916, 12.5893, 15.3851, 
        18.2281, 21.1121, 24.0325, 26.9857, 29.9685, 32.9786, 36.0139, 
        39.0727, 42.1535, 45.2548, 48.3756, 51.5149, 54.6716, 57.845, 
        61.0343, 64.2389, 67.458, 70.6912, 73.9379, 77.1976, 80.4698, 
        83.7542, 87.0504, 90.358, 93.6765, 97.0059, 100.346, 103.695, 
        107.055, 110.425, 113.803, 117.191, 120.588, 123.994, 127.408, 
        130.83, 134.261, 137.699, 141.145, 144.599, 148.061, 151.53, 
        155.006, 158.489, 161.98, 165.477, 168.98, 172.491, 176.008, 
        179.531, 183.061, 186.597, 190.139, 193.687, 197.24, 200.8, 
        204.366, 207.937, 211.513, 215.095, 218.683, 222.276, 225.874, 
        229.478, 233.087, 236.7, 240.319, 243.943, 247.571, 251.205, 
        254.843, 258.486, 262.134, 265.786, 269.443, 273.104, 276.77, 
        280.44, 284.115, 287.794, 291.477, 295.164, 298.856, 302.552, 
        306.252, 309.956, 313.664, 317.376, 321.092, 324.811, 328.535, 
        332.263, 335.994
      },
      {
        0, 3.34837, 7.17739, 11.2116, 15.3851, 19.6653, 24.0325, 
        28.4735, 32.9786, 37.5405, 42.1535, 46.8129, 51.5149, 56.2563, 
        61.0343, 65.8467, 70.6912, 75.5661, 80.4698, 85.4009, 90.358, 
        95.3399, 100.346, 105.374, 110.425, 115.496, 120.588, 125.699, 
        130.83, 135.979, 141.145, 146.329, 151.53, 156.747, 161.98, 
        167.228, 172.491, 177.769, 183.061, 188.367, 193.687, 199.019, 
        204.366, 209.724, 215.095, 220.479, 225.874, 231.282, 236.7, 
        242.13, 247.571, 253.023, 258.486, 263.959, 269.443, 274.936, 
        280.44, 285.954, 291.477, 297.01, 302.552, 308.103, 313.664, 
        319.233, 324.811, 330.399, 335.994, 341.598, 347.211, 352.832, 
        358.46, 364.097, 369.742, 375.395, 381.056, 386.724, 392.399, 
        398.083, 403.773, 409.471, 415.176, 420.888, 426.608, 432.334, 
        438.067, 443.807, 449.554, 455.307, 461.067, 466.834, 472.607, 
        478.386, 484.172, 489.965, 495.763, 501.567, 507.378, 513.195, 
        519.018, 524.846
      },
      {
        0, 4.59479, 9.84916, 15.3851, 21.1121, 26.9857, 32.9786, 
        39.0727, 45.2548, 51.5149, 57.845, 64.2389, 70.6912, 77.1976, 
        83.7542, 90.358, 97.0059, 103.695, 110.425, 117.191, 123.994, 
        130.83, 137.699, 144.599, 151.53, 158.489, 165.477, 172.491, 
        179.531, 186.597, 193.687, 200.8, 207.937, 215.095, 222.276, 
        229.478, 236.7, 243.943, 251.205, 258.486, 265.786, 273.104, 
        280.44, 287.794, 295.164, 302.552, 309.956, 317.376, 324.811, 
        332.263, 339.729, 347.211, 354.707, 362.218, 369.742, 377.281, 
        384.833, 392.399, 399.979, 407.571, 415.176, 422.794, 430.424, 
        438.067, 445.722, 453.389, 461.067, 468.758, 476.459, 484.172, 
        491.897, 499.632, 507.378, 515.135, 522.903, 530.681, 538.469, 
        546.268, 554.077, 561.896, 569.725, 577.563, 585.411, 593.269, 
        601.137, 609.013, 616.899, 624.794, 632.699, 640.612, 648.534, 
        656.465, 664.405, 672.353, 680.31, 688.275, 696.249, 704.231, 
        712.221, 720.219
      },
      {
        0, 5.87309, 12.5893, 19.6653, 26.9857, 34.4932, 42.1535, 
        49.943, 57.845, 65.8467, 73.9379, 82.1105, 90.358, 98.6744, 
        107.055, 115.496, 123.994, 132.544, 141.145, 149.795, 158.489, 
        167.228, 176.008, 184.828, 193.687, 202.582, 211.513, 220.479, 
        229.478, 238.509, 247.571, 256.664, 265.786, 274.936, 284.115, 
        293.32, 302.552, 311.809, 321.092, 330.399, 339.729, 349.083, 
        358.46, 367.86, 377.281, 386.724, 396.187, 405.672, 415.176, 
        424.7, 434.244, 443.807, 453.389, 462.989, 472.607, 482.243, 
        491.897, 501.567, 511.255, 520.96, 530.681, 540.418, 550.171, 
        559.94, 569.725, 579.524, 589.339, 599.169, 609.013, 618.872, 
        628.745, 638.633, 648.534, 658.449, 668.378, 678.32, 688.275, 
        698.243, 708.225, 718.219, 728.226, 738.245, 748.277, 758.321, 
        768.377, 778.445, 788.525, 798.616, 808.72, 818.834, 828.96, 
        839.098, 849.246, 859.406, 869.576, 879.757, 889.949, 900.152, 
        910.365, 920.589
      },
      {
        0, 7.17739, 15.3851, 24.0325, 32.9786, 42.1535, 51.5149, 
        61.0343, 70.6912, 80.4698, 90.358, 100.346, 110.425, 120.588, 
        130.83, 141.145, 151.53, 161.98, 172.491, 183.061, 193.687, 
        204.366, 215.095, 225.874, 236.7, 247.571, 258.486, 269.443, 
        280.44, 291.477, 302.552, 313.664, 324.811, 335.994, 347.211, 
        358.46, 369.742, 381.056, 392.399, 403.773, 415.176, 426.608, 
        438.067, 449.554, 461.067, 472.607, 484.172, 495.763, 507.378, 
        519.018, 530.681, 542.367, 554.077, 565.809, 577.563, 589.339, 
        601.137, 612.955, 624.794, 636.654, 648.534, 660.434, 672.353, 
        684.291, 696.249, 708.225, 720.219, 732.232, 744.263, 756.311, 
        768.377, 780.46, 792.56, 804.677, 816.81, 828.96, 841.127, 
        853.309, 865.507, 877.72, 889.949, 902.194, 914.453, 926.728, 
        939.017, 951.321, 963.64, 975.972, 988.319, 1000.68, 1013.06, 
        1025.44, 1037.85, 1050.26, 1062.69, 1075.13, 1087.59, 1100.06, 
        1112.54, 1125.03
      },
      {
        0, 8.5037, 18.2281, 28.4735, 39.0727, 49.943, 61.0343, 
        72.3129, 83.7542, 95.3399, 107.055, 118.888, 130.83, 142.871, 
        155.006, 167.228, 179.531, 191.912, 204.366, 216.889, 229.478, 
        242.13, 254.843, 267.614, 280.44, 293.32, 306.252, 319.233, 
        332.263, 345.339, 358.46, 371.626, 384.833, 398.083, 411.372, 
        424.7, 438.067, 451.471, 464.911, 478.386, 491.897, 505.441, 
        519.018, 532.627, 546.268, 559.94, 573.643, 587.375, 601.137, 
        614.927, 628.745, 642.592, 656.465, 670.365, 684.291, 698.243, 
        712.221, 726.223, 740.25, 754.302, 768.377, 782.475, 796.597, 
        810.742, 824.909, 839.098, 853.309, 867.541, 881.795, 896.07, 
        910.365, 924.681, 939.017, 953.373, 967.749, 982.144, 996.558, 
        1010.99, 1025.44, 1039.91, 1054.4, 1068.91, 1083.44, 1097.98, 
        1112.54, 1127.12, 1141.71, 1156.32, 1170.95, 1185.6, 1200.26, 
        1214.94, 1229.63, 1244.34, 1259.07, 1273.81, 1288.56, 1303.34, 
        1318.12, 1332.93
      },
      {
        0, 9.84916, 21.1121, 32.9786, 45.2548, 57.845, 70.6912, 
        83.7542, 97.0059, 110.425, 123.994, 137.699, 151.53, 165.477, 
        179.531, 193.687, 207.937, 222.276, 236.7, 251.205, 265.786, 
        280.44, 295.164, 309.956, 324.811, 339.729, 354.707, 369.742, 
        384.833, 399.979, 415.176, 430.424, 445.722, 461.067, 476.459, 
        491.897, 507.378, 522.903, 538.469, 554.077, 569.725, 585.411, 
        601.137, 616.899, 632.699, 648.534, 664.405, 680.31, 696.249, 
        712.221, 728.226, 744.263, 760.331, 776.43, 792.56, 808.72, 
        824.909, 841.127, 857.373, 873.647, 889.949, 906.279, 922.635, 
        939.017, 955.426, 971.86, 988.319, 1004.8, 1021.31, 1037.85, 
        1054.4, 1070.98, 1087.59, 1104.22, 1120.87, 1137.54, 1154.23, 
        1170.95, 1187.69, 1204.45, 1221.23, 1238.03, 1254.86, 1271.7, 
        1288.56, 1305.45, 1322.35, 1339.28, 1356.22, 1373.18, 1390.16, 
        1407.16, 1424.18, 1441.22, 1458.28, 1475.35, 1492.44, 1509.55, 
        1526.68, 1543.82
      },
      {
        0, 11.2116, 24.0325, 37.5405, 51.5149, 65.8467, 80.4698, 
        95.3399, 110.425, 125.699, 141.145, 156.747, 172.491, 188.367, 
        204.366, 220.479, 236.7, 253.023, 269.443, 285.954, 302.552, 
        319.233, 335.994, 352.832, 369.742, 386.724, 403.773, 420.888, 
        438.067, 455.307, 472.607, 489.965, 507.378, 524.846, 542.367, 
        559.94, 577.563, 595.235, 612.955, 630.722, 648.534, 666.391, 
        684.291, 702.234, 720.219, 738.245, 756.311, 774.416, 792.56, 
        810.742, 828.96, 847.216, 865.507, 883.833, 902.194, 920.589, 
        939.017, 957.479, 975.972, 994.498, 1013.06, 1031.64, 1050.26, 
        1068.91, 1087.59, 1106.3, 1125.03, 1143.8, 1162.59, 1181.41, 
        1200.26, 1219.13, 1238.03, 1256.96, 1275.91, 1294.89, 1313.9, 
        1332.93, 1351.98, 1371.06, 1390.16, 1409.29, 1428.44, 1447.61, 
        1466.81, 1486.03, 1505.27, 1524.54, 1543.82, 1563.13, 1582.46, 
        1601.81, 1621.19, 1640.58, 1660, 1679.43, 1698.89, 1718.37, 
        1737.86, 1757.38
      },
      {
        0, 12.5893, 26.9857, 42.1535, 57.845, 73.9379, 90.358, 
        107.055, 123.994, 141.145, 158.489, 176.008, 193.687, 211.513, 
        229.478, 247.571, 265.786, 284.115, 302.552, 321.092, 339.729, 
        358.46, 377.281, 396.187, 415.176, 434.244, 453.389, 472.607, 
        491.897, 511.255, 530.681, 550.171, 569.725, 589.339, 609.013, 
        628.745, 648.534, 668.378, 688.275, 708.225, 728.226, 748.277, 
        768.377, 788.525, 808.72, 828.96, 849.246, 869.576, 889.949, 
        910.365, 930.823, 951.321, 971.86, 992.438, 1013.06, 1033.71, 
        1054.4, 1075.13, 1095.9, 1116.7, 1137.54, 1158.41, 1179.32, 
        1200.26, 1221.23, 1242.24, 1263.28, 1284.35, 1305.45, 1326.58, 
        1347.75, 1368.94, 1390.16, 1411.42, 1432.7, 1454.01, 1475.35, 
        1496.72, 1518.11, 1539.54, 1560.99, 1582.46, 1603.97, 1625.5, 
        1647.05, 1668.63, 1690.24, 1711.87, 1733.53, 1755.21, 1776.92, 
        1798.65, 1820.4, 1842.18, 1863.98, 1885.8, 1907.65, 1929.52, 
        1951.41, 1973.33
      },
      {
        0, 13.9808, 29.9685, 46.8129, 64.2389, 82.1105, 100.346, 
        118.888, 137.699, 156.747, 176.008, 195.463, 215.095, 234.893, 
        254.843, 274.936, 295.164, 315.519, 335.994, 356.583, 377.281, 
        398.083, 418.983, 439.98, 461.067, 482.243, 503.504, 524.846, 
        546.268, 567.766, 589.339, 610.984, 632.699, 654.481, 676.33, 
        698.243, 720.219, 742.256, 764.353, 786.508, 808.72, 830.987, 
        853.309, 875.684, 898.111, 920.589, 943.117, 965.694, 988.319, 
        1010.99, 1033.71, 1056.47, 1079.28, 1102.14, 1125.03, 1147.97, 
        1170.95, 1193.97, 1217.03, 1240.14, 1263.28, 1286.46, 1309.67, 
        1332.93, 1356.22, 1379.55, 1402.91, 1426.31, 1449.75, 1473.21, 
        1496.72, 1520.25, 1543.82, 1567.43, 1591.06, 1614.73, 1638.43, 
        1662.16, 1685.92, 1709.71, 1733.53, 1757.38, 1781.26, 1805.17, 
        1829.11, 1853.07, 1877.07, 1901.09, 1925.14, 1949.22, 1973.33, 
        1997.46, 2021.62, 2045.8, 2070.01, 2094.25, 2118.51, 2142.8, 
        2167.11, 2191.45
      },
      {
        0, 15.3851, 32.9786, 51.5149, 70.6912, 90.358, 110.425, 
        130.83, 151.53, 172.491, 193.687, 215.095, 236.7, 258.486, 
        280.44, 302.552, 324.811, 347.211, 369.742, 392.399, 415.176, 
        438.067, 461.067, 484.172, 507.378, 530.681, 554.077, 577.563, 
        601.137, 624.794, 648.534, 672.353, 696.249, 720.219, 744.263, 
        768.377, 792.56, 816.81, 841.127, 865.507, 889.949, 914.453, 
        939.017, 963.64, 988.319, 1013.06, 1037.85, 1062.69, 1087.59, 
        1112.54, 1137.54, 1162.59, 1187.69, 1212.84, 1238.03, 1263.28, 
        1288.56, 1313.9, 1339.28, 1364.7, 1390.16, 1415.67, 1441.22, 
        1466.81, 1492.44, 1518.11, 1543.82, 1569.57, 1595.36, 1621.19, 
        1647.05, 1672.95, 1698.89, 1724.86, 1750.87, 1776.92, 1802.99, 
        1829.11, 1855.25, 1881.43, 1907.65, 1933.9, 1960.17, 1986.48, 
        2012.83, 2039.2, 2065.61, 2092.04, 2118.51, 2145.01, 2171.53, 
        2198.09, 2224.67, 2251.29, 2277.93, 2304.6, 2331.3, 2358.02, 
        2384.78, 2411.56
      },
      {
        0, 16.8011, 36.0139, 56.2563, 77.1976, 98.6744, 120.588, 
        142.871, 165.477, 188.367, 211.513, 234.893, 258.486, 282.277, 
        306.252, 330.399, 354.707, 379.168, 403.773, 428.516, 453.389, 
        478.386, 503.504, 528.735, 554.077, 579.524, 605.074, 630.722, 
        656.465, 682.3, 708.225, 734.236, 760.331, 786.508, 812.764, 
        839.098, 865.507, 891.989, 918.543, 945.167, 971.86, 998.619, 
        1025.44, 1052.33, 1079.28, 1106.3, 1133.37, 1160.5, 1187.69, 
        1214.94, 1242.24, 1269.59, 1297, 1324.47, 1351.98, 1379.55, 
        1407.16, 1434.83, 1462.54, 1490.3, 1518.11, 1545.97, 1573.87, 
        1601.81, 1629.81, 1657.84, 1685.92, 1714.04, 1742.2, 1770.4, 
        1798.65, 1826.93, 1855.25, 1883.62, 1912.02, 1940.46, 1968.94, 
        1997.46, 2026.01, 2054.6, 2083.23, 2111.89, 2140.59, 2169.32, 
        2198.09, 2226.89, 2255.72, 2284.59, 2313.5, 2342.43, 2371.4, 
        2400.4, 2429.43, 2458.49, 2487.59, 2516.71, 2545.87, 2575.06, 
        2604.27, 2633.52
      },
      {
        0, 18.2281, 39.0727, 61.0343, 83.7542, 107.055, 130.83, 
        155.006, 179.531, 204.366, 229.478, 254.843, 280.44, 306.252, 
        332.263, 358.46, 384.833, 411.372, 438.067, 464.911, 491.897, 
        519.018, 546.268, 573.643, 601.137, 628.745, 656.465, 684.291, 
        712.221, 740.25, 768.377, 796.597, 824.909, 853.309, 881.795, 
        910.365, 939.017, 967.749, 996.558, 1025.44, 1054.4, 1083.44, 
        1112.54, 1141.71, 1170.95, 1200.26, 1229.63, 1259.07, 1288.56, 
        1318.12, 1347.75, 1377.43, 1407.16, 1436.96, 1466.81, 1496.72, 
        1526.68, 1556.69, 1586.76, 1616.88, 1647.05, 1677.27, 1707.54, 
        1737.86, 1768.23, 1798.65, 1829.11, 1859.62, 1890.17, 1920.77, 
        1951.41, 1982.1, 2012.83, 2043.6, 2074.42, 2105.27, 2136.17, 
        2167.11, 2198.09, 2229.11, 2260.16, 2291.26, 2322.39, 2353.57, 
        2384.78, 2416.03, 2447.31, 2478.63, 2509.99, 2541.38, 2572.81, 
        2604.27, 2635.77, 2667.3, 2698.87, 2730.47, 2762.1, 2793.76, 
        2825.46, 2857.19
      },
      {
        0, 19.6653, 42.1535, 65.8467, 90.358, 115.496, 141.145, 
        167.228, 193.687, 220.479, 247.571, 274.936, 302.552, 330.399, 
        358.46, 386.724, 415.176, 443.807, 472.607, 501.567, 530.681, 
        559.94, 589.339, 618.872, 648.534, 678.32, 708.225, 738.245, 
        768.377, 798.616, 828.96, 859.406, 889.949, 920.589, 951.321, 
        982.144, 1013.06, 1044.05, 1075.13, 1106.3, 1137.54, 1168.86, 
        1200.26, 1231.73, 1263.28, 1294.89, 1326.58, 1358.34, 1390.16, 
        1422.05, 1454.01, 1486.03, 1518.11, 1550.26, 1582.46, 1614.73, 
        1647.05, 1679.43, 1711.87, 1744.37, 1776.92, 1809.52, 1842.18, 
        1874.89, 1907.65, 1940.46, 1973.33, 2006.24, 2039.2, 2072.21, 
        2105.27, 2138.38, 2171.53, 2204.73, 2237.98, 2271.26, 2304.6, 
        2337.98, 2371.4, 2404.86, 2438.37, 2471.92, 2505.51, 2539.14, 
        2572.81, 2606.52, 2640.27, 2674.06, 2707.89, 2741.76, 2775.67, 
        2809.61, 2843.59, 2877.61, 2911.66, 2945.75, 2979.88, 3014.04, 
        3048.24, 3082.47
      },
      {
        0, 21.1121, 45.2548, 70.6912, 97.0059, 123.994, 151.53, 
        179.531, 207.937, 236.7, 265.786, 295.164, 324.811, 354.707, 
        384.833, 415.176, 445.722, 476.459, 507.378, 538.469, 569.725, 
        601.137, 632.699, 664.405, 696.249, 728.226, 760.331, 792.56, 
        824.909, 857.373, 889.949, 922.635, 955.426, 988.319, 1021.31, 
        1054.4, 1087.59, 1120.87, 1154.23, 1187.69, 1221.23, 1254.86, 
        1288.56, 1322.35, 1356.22, 1390.16, 1424.18, 1458.28, 1492.44, 
        1526.68, 1560.99, 1595.36, 1629.81, 1664.31, 1698.89, 1733.53, 
        1768.23, 1802.99, 1837.82, 1872.7, 1907.65, 1942.65, 1977.71, 
        2012.83, 2048, 2083.23, 2118.51, 2153.84, 2189.23, 2224.67, 
        2260.16, 2295.71, 2331.3, 2366.94, 2402.63, 2438.37, 2474.16, 
        2509.99, 2545.87, 2581.8, 2617.77, 2653.78, 2689.84, 2725.95, 
        2762.1, 2798.29, 2834.52, 2870.8, 2907.12, 2943.48, 2979.88, 
        3016.32, 3052.8, 3089.32, 3125.88, 3162.48, 3199.12, 3235.79, 
        3272.51, 3309.26
      },
      {
        0, 22.568, 48.3756, 75.5661, 103.695, 132.544, 161.98, 
        191.912, 222.276, 253.023, 284.115, 315.519, 347.211, 379.168, 
        411.372, 443.807, 476.459, 509.316, 542.367, 575.603, 609.013, 
        642.592, 676.33, 710.223, 744.263, 778.445, 812.764, 847.216, 
        881.795, 916.498, 951.321, 986.261, 1021.31, 1056.47, 1091.74, 
        1127.12, 1162.59, 1198.16, 1233.83, 1269.59, 1305.45, 1341.39, 
        1377.43, 1413.54, 1449.75, 1486.03, 1522.4, 1558.84, 1595.36, 
        1631.96, 1668.63, 1705.38, 1742.2, 1779.09, 1816.05, 1853.07, 
        1890.17, 1927.33, 1964.56, 2001.85, 2039.2, 2076.62, 2114.1, 
        2151.63, 2189.23, 2226.89, 2264.6, 2302.38, 2340.2, 2378.09, 
        2416.03, 2454.02, 2492.07, 2530.17, 2568.32, 2606.52, 2644.78, 
        2683.08, 2721.43, 2759.84, 2798.29, 2836.79, 2875.34, 2913.93, 
        2952.58, 2991.26, 3030, 3068.77, 3107.6, 3146.46, 3185.38, 
        3224.33, 3263.33, 3302.36, 3341.45, 3380.57, 3419.73, 3458.94, 
        3498.18, 3537.47
      },
      {
        0, 24.0325, 51.5149, 80.4698, 110.425, 141.145, 172.491, 
        204.366, 236.7, 269.443, 302.552, 335.994, 369.742, 403.773, 
        438.067, 472.607, 507.378, 542.367, 577.563, 612.955, 648.534, 
        684.291, 720.219, 756.311, 792.56, 828.96, 865.507, 902.194, 
        939.017, 975.972, 1013.06, 1050.26, 1087.59, 1125.03, 1162.59, 
        1200.26, 1238.03, 1275.91, 1313.9, 1351.98, 1390.16, 1428.44, 
        1466.81, 1505.27, 1543.82, 1582.46, 1621.19, 1660, 1698.89, 
        1737.86, 1776.92, 1816.05, 1855.25, 1894.54, 1933.9, 1973.33, 
        2012.83, 2052.4, 2092.04, 2131.75, 2171.53, 2211.38, 2251.29, 
        2291.26, 2331.3, 2371.4, 2411.56, 2451.78, 2492.07, 2532.41, 
        2572.81, 2613.27, 2653.78, 2694.36, 2734.98, 2775.67, 2816.4, 
        2857.19, 2898.04, 2938.93, 2979.88, 3020.88, 3061.93, 3103.03, 
        3144.18, 3185.38, 3226.62, 3267.92, 3309.26, 3350.65, 3392.08, 
        3433.57, 3475.09, 3516.66, 3558.28, 3599.94, 3641.65, 3683.4, 
        3725.19, 3767.02
      },
      {
        0, 25.5052, 54.6716, 85.4009, 117.191, 149.795, 183.061, 
        216.889, 251.205, 285.954, 321.092, 356.583, 392.399, 428.516, 
        464.911, 501.567, 538.469, 575.603, 612.955, 650.516, 688.275, 
        726.223, 764.353, 802.656, 841.127, 879.757, 918.543, 957.479, 
        996.558, 1035.78, 1075.13, 1114.62, 1154.23, 1193.97, 1233.83, 
        1273.81, 1313.9, 1354.1, 1394.41, 1434.83, 1475.35, 1515.97, 
        1556.69, 1597.51, 1638.43, 1679.43, 1720.53, 1761.72, 1802.99, 
        1844.36, 1885.8, 1927.33, 1968.94, 2010.63, 2052.4, 2094.25, 
        2136.17, 2178.17, 2220.24, 2262.38, 2304.6, 2346.88, 2389.24, 
        2431.66, 2474.16, 2516.71, 2559.34, 2602.02, 2644.78, 2687.59, 
        2730.47, 2773.4, 2816.4, 2859.46, 2902.58, 2945.75, 2988.99, 
        3032.28, 3075.62, 3119.02, 3162.48, 3205.99, 3249.56, 3293.18, 
        3336.85, 3380.57, 3424.34, 3468.17, 3512.04, 3555.97, 3599.94, 
        3643.97, 3688.04, 3732.16, 3776.33, 3820.54, 3864.8, 3909.11, 
        3953.46, 3997.86
      },
      {
        0, 26.9857, 57.845, 90.358, 123.994, 158.489, 193.687, 
        229.478, 265.786, 302.552, 339.729, 377.281, 415.176, 453.389, 
        491.897, 530.681, 569.725, 609.013, 648.534, 688.275, 728.226, 
        768.377, 808.72, 849.246, 889.949, 930.823, 971.86, 1013.06, 
        1054.4, 1095.9, 1137.54, 1179.32, 1221.23, 1263.28, 1305.45, 
        1347.75, 1390.16, 1432.7, 1475.35, 1518.11, 1560.99, 1603.97, 
        1647.05, 1690.24, 1733.53, 1776.92, 1820.4, 1863.98, 1907.65, 
        1951.41, 1995.26, 2039.2, 2083.23, 2127.34, 2171.53, 2215.81, 
        2260.16, 2304.6, 2349.11, 2393.7, 2438.37, 2483.11, 2527.92, 
        2572.81, 2617.77, 2662.79, 2707.89, 2753.06, 2798.29, 2843.59, 
        2888.96, 2934.39, 2979.88, 3025.44, 3071.06, 3116.74, 3162.48, 
        3208.28, 3254.15, 3300.07, 3346.05, 3392.08, 3438.18, 3484.33, 
        3530.53, 3576.79, 3623.11, 3669.48, 3715.9, 3762.37, 3808.9, 
        3855.48, 3902.11, 3948.79, 3995.52, 4042.3, 4089.13, 4136.01, 
        4182.94, 4229.92
      },
      {
        0, 28.4735, 61.0343, 95.3399, 130.83, 167.228, 204.366, 
        242.13, 280.44, 319.233, 358.46, 398.083, 438.067, 478.386, 
        519.018, 559.94, 601.137, 642.592, 684.291, 726.223, 768.377, 
        810.742, 853.309, 896.07, 939.017, 982.144, 1025.44, 1068.91, 
        1112.54, 1156.32, 1200.26, 1244.34, 1288.56, 1332.93, 1377.43, 
        1422.05, 1466.81, 1511.69, 1556.69, 1601.81, 1647.05, 1692.4, 
        1737.86, 1783.43, 1829.11, 1874.89, 1920.77, 1966.75, 2012.83, 
        2059, 2105.27, 2151.63, 2198.09, 2244.63, 2291.26, 2337.98, 
        2384.78, 2431.66, 2478.63, 2525.68, 2572.81, 2620.02, 2667.3, 
        2714.66, 2762.1, 2809.61, 2857.19, 2904.85, 2952.58, 3000.37, 
        3048.24, 3096.17, 3144.18, 3192.25, 3240.38, 3288.58, 3336.85, 
        3385.17, 3433.57, 3482.02, 3530.53, 3579.11, 3627.74, 3676.44, 
        3725.19, 3774, 3822.87, 3871.8, 3920.78, 3969.81, 4018.91, 
        4068.05, 4117.26, 4166.51, 4215.82, 4265.18, 4314.59, 4364.05, 
        4413.57, 4463.13
      },
      {
        0, 29.9685, 64.2389, 100.346, 137.699, 176.008, 215.095, 
        254.843, 295.164, 335.994, 377.281, 418.983, 461.067, 503.504, 
        546.268, 589.339, 632.699, 676.33, 720.219, 764.353, 808.72, 
        853.309, 898.111, 943.117, 988.319, 1033.71, 1079.28, 1125.03, 
        1170.95, 1217.03, 1263.28, 1309.67, 1356.22, 1402.91, 1449.75, 
        1496.72, 1543.82, 1591.06, 1638.43, 1685.92, 1733.53, 1781.26, 
        1829.11, 1877.07, 1925.14, 1973.33, 2021.62, 2070.01, 2118.51, 
        2167.11, 2215.81, 2264.6, 2313.5, 2362.48, 2411.56, 2460.73, 
        2509.99, 2559.34, 2608.77, 2658.29, 2707.89, 2757.58, 2807.35, 
        2857.19, 2907.12, 2957.12, 3007.21, 3057.36, 3107.6, 3157.9, 
        3208.28, 3258.74, 3309.26, 3359.85, 3410.51, 3461.24, 3512.04, 
        3562.91, 3613.84, 3664.84, 3715.9, 3767.02, 3818.21, 3869.46, 
        3920.78, 3972.15, 4023.59, 4075.08, 4126.63, 4178.25, 4229.92, 
        4281.64, 4333.43, 4385.27, 4437.17, 4489.12, 4541.12, 4593.18, 
        4645.3, 4697.47
      },
      {
        0, 31.4703, 67.458, 105.374, 144.599, 184.828, 225.874, 
        267.614, 309.956, 352.832, 396.187, 439.98, 484.172, 528.735, 
        573.643, 618.872, 664.405, 710.223, 756.311, 802.656, 849.246, 
        896.07, 943.117, 990.379, 1037.85, 1085.51, 1133.37, 1181.41, 
        1229.63, 1278.02, 1326.58, 1375.3, 1424.18, 1473.21, 1522.4, 
        1571.72, 1621.19, 1670.79, 1720.53, 1770.4, 1820.4, 1870.52, 
        1920.77, 1971.13, 2021.62, 2072.21, 2122.92, 2173.74, 2224.67, 
        2275.71, 2326.85, 2378.09, 2429.43, 2480.87, 2532.41, 2584.04, 
        2635.77, 2687.59, 2739.5, 2791.5, 2843.59, 2895.77, 2948.03, 
        3000.37, 3052.8, 3105.31, 3157.9, 3210.58, 3263.33, 3316.15, 
        3369.06, 3422.04, 3475.09, 3528.22, 3581.42, 3634.7, 3688.04, 
        3741.45, 3794.94, 3848.49, 3902.11, 3955.8, 4009.55, 4063.37, 
        4117.26, 4171.2, 4225.22, 4279.29, 4333.43, 4387.63, 4441.89, 
        4496.21, 4550.58, 4605.02, 4659.52, 4714.08, 4768.69, 4823.36, 
        4878.08, 4932.87
      },
      {
        0, 32.9786, 70.6912, 110.425, 151.53, 193.687, 236.7, 
        280.44, 324.811, 369.742, 415.176, 461.067, 507.378, 554.077, 
        601.137, 648.534, 696.249, 744.263, 792.56, 841.127, 889.949, 
        939.017, 988.319, 1037.85, 1087.59, 1137.54, 1187.69, 1238.03, 
        1288.56, 1339.28, 1390.16, 1441.22, 1492.44, 1543.82, 1595.36, 
        1647.05, 1698.89, 1750.87, 1802.99, 1855.25, 1907.65, 1960.17, 
        2012.83, 2065.61, 2118.51, 2171.53, 2224.67, 2277.93, 2331.3, 
        2384.78, 2438.37, 2492.07, 2545.87, 2599.78, 2653.78, 2707.89, 
        2762.1, 2816.4, 2870.8, 2925.29, 2979.88, 3034.56, 3089.32, 
        3144.18, 3199.12, 3254.15, 3309.26, 3364.45, 3419.73, 3475.09, 
        3530.53, 3586.05, 3641.65, 3697.32, 3753.08, 3808.9, 3864.8, 
        3920.78, 3976.82, 4032.94, 4089.13, 4145.39, 4201.72, 4258.12, 
        4314.59, 4371.12, 4427.73, 4484.39, 4541.12, 4597.92, 4654.78, 
        4711.7, 4768.69, 4825.74, 4882.85, 4940.02, 4997.25, 5054.54, 
        5111.88, 5169.29
      },
      {
        0, 34.4932, 73.9379, 115.496, 158.489, 202.582, 247.571, 
        293.32, 339.729, 386.724, 434.244, 482.243, 530.681, 579.524, 
        628.745, 678.32, 728.226, 778.445, 828.96, 879.757, 930.823, 
        982.144, 1033.71, 1085.51, 1137.54, 1189.78, 1242.24, 1294.89, 
        1347.75, 1400.79, 1454.01, 1507.41, 1560.99, 1614.73, 1668.63, 
        1722.7, 1776.92, 1831.28, 1885.8, 1940.46, 1995.26, 2050.2, 
        2105.27, 2160.48, 2215.81, 2271.26, 2326.85, 2382.55, 2438.37, 
        2494.31, 2550.36, 2606.52, 2662.79, 2719.18, 2775.67, 2832.26, 
        2888.96, 2945.75, 3002.65, 3059.65, 3116.74, 3173.93, 3231.21, 
        3288.58, 3346.05, 3403.6, 3461.24, 3518.98, 3576.79, 3634.7, 
        3692.68, 3750.75, 3808.9, 3867.13, 3925.45, 3983.84, 4042.3, 
        4100.85, 4159.47, 4218.17, 4276.94, 4335.78, 4394.7, 4453.69, 
        4512.75, 4571.88, 4631.08, 4690.35, 4749.69, 4809.09, 4868.56, 
        4928.1, 4987.7, 5047.37, 5107.1, 5166.9, 5226.76, 5286.68, 
        5346.66, 5406.71
      },
      {
        0, 36.0139, 77.1976, 120.588, 165.477, 211.513, 258.486, 
        306.252, 354.707, 403.773, 453.389, 503.504, 554.077, 605.074, 
        656.465, 708.225, 760.331, 812.764, 865.507, 918.543, 971.86, 
        1025.44, 1079.28, 1133.37, 1187.69, 1242.24, 1297, 1351.98, 
        1407.16, 1462.54, 1518.11, 1573.87, 1629.81, 1685.92, 1742.2, 
        1798.65, 1855.25, 1912.02, 1968.94, 2026.01, 2083.23, 2140.59, 
        2198.09, 2255.72, 2313.5, 2371.4, 2429.43, 2487.59, 2545.87, 
        2604.27, 2662.79, 2721.43, 2780.19, 2839.06, 2898.04, 2957.12, 
        3016.32, 3075.62, 3135.03, 3194.54, 3254.15, 3313.85, 3373.66, 
        3433.57, 3493.56, 3553.66, 3613.84, 3674.12, 3734.48, 3794.94, 
        3855.48, 3916.11, 3976.82, 4037.62, 4098.51, 4159.47, 4220.52, 
        4281.64, 4342.85, 4404.13, 4465.5, 4526.93, 4588.45, 4650.04, 
        4711.7, 4773.44, 4835.25, 4897.13, 4959.09, 5021.11, 5083.2, 
        5145.37, 5207.6, 5269.89, 5332.26, 5394.69, 5457.19, 5519.75, 
        5582.38, 5645.07
      },
      {
        0, 37.5405, 80.4698, 125.699, 172.491, 220.479, 269.443, 
        319.233, 369.742, 420.888, 472.607, 524.846, 577.563, 630.722, 
        684.291, 738.245, 792.56, 847.216, 902.194, 957.479, 1013.06, 
        1068.91, 1125.03, 1181.41, 1238.03, 1294.89, 1351.98, 1409.29, 
        1466.81, 1524.54, 1582.46, 1640.58, 1698.89, 1757.38, 1816.05, 
        1874.89, 1933.9, 1993.07, 2052.4, 2111.89, 2171.53, 2231.32, 
        2291.26, 2351.34, 2411.56, 2471.92, 2532.41, 2593.03, 2653.78, 
        2714.66, 2775.67, 2836.79, 2898.04, 2959.4, 3020.88, 3082.47, 
        3144.18, 3205.99, 3267.92, 3329.95, 3392.08, 3454.32, 3516.66, 
        3579.11, 3641.65, 3704.29, 3767.02, 3829.86, 3892.78, 3955.8, 
        4018.91, 4082.11, 4145.39, 4208.77, 4272.23, 4335.78, 4399.42, 
        4463.13, 4526.93, 4590.82, 4654.78, 4718.82, 4782.94, 4847.15, 
        4911.42, 4975.78, 5040.21, 5104.71, 5169.29, 5233.94, 5298.67, 
        5363.47, 5428.34, 5493.28, 5558.28, 5623.36, 5688.51, 5753.72, 
        5819.01, 5884.35
      },
      {
        0, 39.0727, 83.7542, 130.83, 179.531, 229.478, 280.44, 
        332.263, 384.833, 438.067, 491.897, 546.268, 601.137, 656.465, 
        712.221, 768.377, 824.909, 881.795, 939.017, 996.558, 1054.4, 
        1112.54, 1170.95, 1229.63, 1288.56, 1347.75, 1407.16, 1466.81, 
        1526.68, 1586.76, 1647.05, 1707.54, 1768.23, 1829.11, 1890.17, 
        1951.41, 2012.83, 2074.42, 2136.17, 2198.09, 2260.16, 2322.39, 
        2384.78, 2447.31, 2509.99, 2572.81, 2635.77, 2698.87, 2762.1, 
        2825.46, 2888.96, 2952.58, 3016.32, 3080.19, 3144.18, 3208.28, 
        3272.51, 3336.85, 3401.3, 3465.86, 3530.53, 3595.31, 3660.2, 
        3725.19, 3790.28, 3855.48, 3920.78, 3986.17, 4051.67, 4117.26, 
        4182.94, 4248.72, 4314.59, 4380.55, 4446.61, 4512.75, 4578.98, 
        4645.3, 4711.7, 4778.19, 4844.77, 4911.42, 4978.16, 5044.98, 
        5111.88, 5178.87, 5245.93, 5313.06, 5380.28, 5447.57, 5514.94, 
        5582.38, 5649.9, 5717.49, 5785.15, 5852.88, 5920.69, 5988.56, 
        6056.51, 6124.53
      },
      {
        0, 40.6104, 87.0504, 135.979, 186.597, 238.509, 291.477, 
        345.339, 399.979, 455.307, 511.255, 567.766, 624.794, 682.3, 
        740.25, 798.616, 857.373, 916.498, 975.972, 1035.78, 1095.9, 
        1156.32, 1217.03, 1278.02, 1339.28, 1400.79, 1462.54, 1524.54, 
        1586.76, 1649.21, 1711.87, 1774.74, 1837.82, 1901.09, 1964.56, 
        2028.21, 2092.04, 2156.05, 2220.24, 2284.59, 2349.11, 2413.79, 
        2478.63, 2543.63, 2608.77, 2674.06, 2739.5, 2805.08, 2870.8, 
        2936.66, 3002.65, 3068.77, 3135.03, 3201.41, 3267.92, 3334.55, 
        3401.3, 3468.17, 3535.16, 3602.26, 3669.48, 3736.81, 3804.25, 
        3871.8, 3939.45, 4007.21, 4075.08, 4143.05, 4211.12, 4279.29, 
        4347.56, 4415.93, 4484.39, 4552.95, 4621.6, 4690.35, 4759.19, 
        4828.11, 4897.13, 4966.24, 5035.43, 5104.71, 5174.08, 5243.53, 
        5313.06, 5382.68, 5452.38, 5522.16, 5592.02, 5661.96, 5731.98, 
        5802.07, 5872.25, 5942.5, 6012.82, 6083.22, 6153.7, 6224.25, 
        6294.87, 6365.56
      },
      {
        0, 42.1535, 90.358, 141.145, 193.687, 247.571, 302.552, 
        358.46, 415.176, 472.607, 530.681, 589.339, 648.534, 708.225, 
        768.377, 828.96, 889.949, 951.321, 1013.06, 1075.13, 1137.54, 
        1200.26, 1263.28, 1326.58, 1390.16, 1454.01, 1518.11, 1582.46, 
        1647.05, 1711.87, 1776.92, 1842.18, 1907.65, 1973.33, 2039.2, 
        2105.27, 2171.53, 2237.98, 2304.6, 2371.4, 2438.37, 2505.51, 
        2572.81, 2640.27, 2707.89, 2775.67, 2843.59, 2911.66, 2979.88, 
        3048.24, 3116.74, 3185.38, 3254.15, 3323.05, 3392.08, 3461.24, 
        3530.53, 3599.94, 3669.48, 3739.13, 3808.9, 3878.79, 3948.79, 
        4018.91, 4089.13, 4159.47, 4229.92, 4300.47, 4371.12, 4441.89, 
        4512.75, 4583.71, 4654.78, 4725.94, 4797.2, 4868.56, 4940.02, 
        5011.56, 5083.2, 5154.93, 5226.76, 5298.67, 5370.67, 5442.76, 
        5514.94, 5587.2, 5659.55, 5731.98, 5804.49, 5877.09, 5949.77, 
        6022.53, 6095.37, 6168.29, 6241.29, 6314.36, 6387.51, 6460.74, 
        6534.04, 6607.42
      },
      {
        0, 43.7017, 93.6765, 146.329, 200.8, 256.664, 313.664, 
        371.626, 430.424, 489.965, 550.171, 610.984, 672.353, 734.236, 
        796.597, 859.406, 922.635, 986.261, 1050.26, 1114.62, 1179.32, 
        1244.34, 1309.67, 1375.3, 1441.22, 1507.41, 1573.87, 1640.58, 
        1707.54, 1774.74, 1842.18, 1909.83, 1977.71, 2045.8, 2114.1, 
        2182.59, 2251.29, 2320.17, 2389.24, 2458.49, 2527.92, 2597.53, 
        2667.3, 2737.24, 2807.35, 2877.61, 2948.03, 3018.6, 3089.32, 
        3160.19, 3231.21, 3302.36, 3373.66, 3445.1, 3516.66, 3588.37, 
        3660.2, 3732.16, 3804.25, 3876.46, 3948.79, 4021.25, 4093.82, 
        4166.51, 4239.32, 4312.24, 4385.27, 4458.41, 4531.66, 4605.02, 
        4678.49, 4752.06, 4825.74, 4899.51, 4973.39, 5047.37, 5121.45, 
        5195.62, 5269.89, 5344.26, 5418.72, 5493.28, 5567.92, 5642.66, 
        5717.49, 5792.4, 5867.41, 5942.5, 6017.68, 6092.94, 6168.29, 
        6243.72, 6319.23, 6394.83, 6470.51, 6546.27, 6622.11, 6698.03, 
        6774.02, 6850.09
      },
      {
        0, 45.2548, 97.0059, 151.53, 207.937, 265.786, 324.811, 
        384.833, 445.722, 507.378, 569.725, 632.699, 696.249, 760.331, 
        824.909, 889.949, 955.426, 1021.31, 1087.59, 1154.23, 1221.23, 
        1288.56, 1356.22, 1424.18, 1492.44, 1560.99, 1629.81, 1698.89, 
        1768.23, 1837.82, 1907.65, 1977.71, 2048, 2118.51, 2189.23, 
        2260.16, 2331.3, 2402.63, 2474.16, 2545.87, 2617.77, 2689.84, 
        2762.1, 2834.52, 2907.12, 2979.88, 3052.8, 3125.88, 3199.12, 
        3272.51, 3346.05, 3419.73, 3493.56, 3567.54, 3641.65, 3715.9, 
        3790.28, 3864.8, 3939.45, 4014.23, 4089.13, 4164.16, 4239.32, 
        4314.59, 4389.98, 4465.5, 4541.12, 4616.87, 4692.72, 4768.69, 
        4844.77, 4920.95, 4997.25, 5073.65, 5150.15, 5226.76, 5303.47, 
        5380.28, 5457.19, 5534.2, 5611.31, 5688.51, 5765.81, 5843.2, 
        5920.69, 5998.27, 6075.94, 6153.7, 6231.55, 6309.49, 6387.51, 
        6465.62, 6543.82, 6622.11, 6700.48, 6778.93, 6857.46, 6936.08, 
        7014.77, 7093.55
      },
      {
        0, 46.8129, 100.346, 156.747, 215.095, 274.936, 335.994, 
        398.083, 461.067, 524.846, 589.339, 654.481, 720.219, 786.508, 
        853.309, 920.589, 988.319, 1056.47, 1125.03, 1193.97, 1263.28, 
        1332.93, 1402.91, 1473.21, 1543.82, 1614.73, 1685.92, 1757.38, 
        1829.11, 1901.09, 1973.33, 2045.8, 2118.51, 2191.45, 2264.6, 
        2337.98, 2411.56, 2485.35, 2559.34, 2633.52, 2707.89, 2782.45, 
        2857.19, 2932.11, 3007.21, 3082.47, 3157.9, 3233.5, 3309.26, 
        3385.17, 3461.24, 3537.47, 3613.84, 3690.36, 3767.02, 3843.83, 
        3920.78, 3997.86, 4075.08, 4152.43, 4229.92, 4307.53, 4385.27, 
        4463.13, 4541.12, 4619.23, 4697.47, 4775.82, 4854.28, 4932.87, 
        5011.56, 5090.37, 5169.29, 5248.32, 5327.46, 5406.71, 5486.06, 
        5565.51, 5645.07, 5724.73, 5804.49, 5884.35, 5964.31, 6044.37, 
        6124.53, 6204.78, 6285.12, 6365.56, 6446.09, 6526.71, 6607.42, 
        6688.22, 6769.12, 6850.09, 6931.16, 7012.31, 7093.55, 7174.87, 
        7256.28, 7337.77
      },
      {
        0, 48.3756, 103.695, 161.98, 222.276, 284.115, 347.211, 
        411.372, 476.459, 542.367, 609.013, 676.33, 744.263, 812.764, 
        881.795, 951.321, 1021.31, 1091.74, 1162.59, 1233.83, 1305.45, 
        1377.43, 1449.75, 1522.4, 1595.36, 1668.63, 1742.2, 1816.05, 
        1890.17, 1964.56, 2039.2, 2114.1, 2189.23, 2264.6, 2340.2, 
        2416.03, 2492.07, 2568.32, 2644.78, 2721.43, 2798.29, 2875.34, 
        2952.58, 3030, 3107.6, 3185.38, 3263.33, 3341.45, 3419.73, 
        3498.18, 3576.79, 3655.56, 3734.48, 3813.56, 3892.78, 3972.15, 
        4051.67, 4131.32, 4211.12, 4291.05, 4371.12, 4451.33, 4531.66, 
        4612.13, 4692.72, 4773.44, 4854.28, 4935.25, 5016.34, 5097.54, 
        5178.87, 5260.31, 5341.86, 5423.53, 5505.31, 5587.2, 5669.2, 
        5751.31, 5833.52, 5915.84, 5998.27, 6080.79, 6163.42, 6246.15, 
        6328.98, 6411.91, 6494.94, 6578.06, 6661.28, 6744.59, 6828, 
        6911.5, 6995.09, 7078.77, 7162.55, 7246.41, 7330.36, 7414.39, 
        7498.52, 7582.73
      },
      {
        0, 49.943, 107.055, 167.228, 229.478, 293.32, 358.46, 
        424.7, 491.897, 559.94, 628.745, 698.243, 768.377, 839.098, 
        910.365, 982.144, 1054.4, 1127.12, 1200.26, 1273.81, 1347.75, 
        1422.05, 1496.72, 1571.72, 1647.05, 1722.7, 1798.65, 1874.89, 
        1951.41, 2028.21, 2105.27, 2182.59, 2260.16, 2337.98, 2416.03, 
        2494.31, 2572.81, 2651.53, 2730.47, 2809.61, 2888.96, 2968.5, 
        3048.24, 3128.17, 3208.28, 3288.58, 3369.06, 3449.71, 3530.53, 
        3611.52, 3692.68, 3774, 3855.48, 3937.12, 4018.91, 4100.85, 
        4182.94, 4265.18, 4347.56, 4430.09, 4512.75, 4595.55, 4678.49, 
        4761.56, 4844.77, 4928.1, 5011.56, 5095.15, 5178.87, 5262.7, 
        5346.66, 5430.74, 5514.94, 5599.25, 5683.68, 5768.23, 5852.88, 
        5937.65, 6022.53, 6107.52, 6192.61, 6277.81, 6363.12, 6448.53, 
        6534.04, 6619.66, 6705.38, 6791.19, 6877.11, 6963.12, 7049.23, 
        7135.43, 7221.73, 7308.13, 7394.61, 7481.19, 7567.86, 7654.62, 
        7741.47, 7828.41
      },
      {
        0, 51.5149, 110.425, 172.491, 236.7, 302.552, 369.742, 
        438.067, 507.378, 577.563, 648.534, 720.219, 792.56, 865.507, 
        939.017, 1013.06, 1087.59, 1162.59, 1238.03, 1313.9, 1390.16, 
